157
99
41 88
23 80
23 69
15 26
85 86
5 95
40 50
5 70
85 95
22 70
41 70
5 47
72 92
4 76
46 64
3 5
21 73
2 93
21 71
2 26
16 68
49 88
1 90
13 56
27 47
27 45
12 40
27 98
11 79
27 33
26 57
29 61
10 67
29 96
31 50
85 97
61 78
32 67
32 71
33 93
34 48
8 33
24 65
23 91
37 99
72 96
54 57
1 18
69 89
1 40
1 15
42 78
77 96
41 82
61 97
30 34
30 42
54 99
10 35
41 62
1 10
52 71
58 95
23 33
43 82
4 54
44 61
64 78
28 86
13 80
81 82
65 76
34 60
53 80
25 43
14 45
73 75
7 56
23 83
19 79
59 97
0 79
23 51
10 17
55 89
0 2
28 66
16 25
51 74
55 63
20 86
9 49
6 98
38 76
70 84
53 94
82 87
39 91
36 49
