-1708
99
6 63
1 50
55 89
37 95
39 51
56 66
31 44
28 42
20 89
20 35
4 94
5 27
79 87
79 93
66 90
40 98
22 78
60 83
6 27
33 82
21 61
92 95
35 49
62 98
16 31
16 39
11 45
14 69
23 85
8 39
2 16
32 41
21 36
67 68
5 88
7 81
58 67
40 88
0 18
13 62
38 44
25 58
26 36
42 97
48 54
39 91
5 73
18 96
60 68
44 79
58 99
5 78
4 89
8 13
15 45
58 59
19 43
36 92
56 74
19 48
39 81
17 19
51 70
53 60
37 81
9 77
23 84
32 57
89 99
30 62
66 98
75 92
9 56
23 93
16 46
52 65
29 34
51 99
1 37
10 57
0 90
10 48
28 82
17 44
22 52
11 62
34 39
13 72
15 71
70 82
13 76
46 64
33 47
3 37
21 24
69 97
83 86
22 80
12 67
